10
32767   1   8  12  11   3   9 32767 32767 32767
1 32767   9 32767 32767   2 32767 32767   9 32767
8   9 32767 32767 32767 32767   4   7   7 32767
12 32767 32767 32767  11 32767   4 32767 32767 32767
11 32767 32767  11 32767  10 32767 32767 32767 32767
3   2 32767 32767  10 32767 32767 32767 32767   3
9 32767   4   4 32767 32767 32767   6 32767 32767
32767 32767   7 32767 32767 32767   6 32767   5 32767
32767   9   7 32767 32767 32767 32767   5 32767 32767
32767 32767 32767 32767 32767   3 32767 32767 32767 32767
